003020600900305001001806400008102900700000008006708200002609500800203009005010300
200080300060070084030500209000105408000000000402706000301007040720040060004010003
000000907000420180000705026100904000050000040000507009920108000034059000507000000
030050040008010500460000012070502080000603000040109030250000098001020600080060020
020810740700003100090002805009040087400208003160030200302700060005600008076051090
100920000524010000000000070050008102000000000402700090060000000000030945000071006
043080250600000000000001094900004070000608000010200003820500000000000005034090710
480006902002008001900370060840010200003704100001060049020085007700900600609200018
000900002050123400030000160908000000070000090000000205091000050007439020400007000
001900003900700160030005007050000009004302600200000070600100030042007006500006800
000125400008400000420800000030000095060902010510000060000003049000007200001298000
062340750100005600570000040000094800400000006005830000030000091006400007059083260
300000000005009000200504000020000700160000058704310600000890100000067080000005437
630000000000500008005674000000020000003401020000000345000007004080300902947100080
000020040008035000000070602031046970200000000000501203049000730000000010800004000
361025900080960010400000057008000471000603000259000800740000005020018060005470329
050807020600010090702540006070020301504000908103080070900076205060090003080103040
080005000000003457000070809060400903007010500408007020901020000842300000000100080
003502900000040000106000305900251008070408030800763001308000104000020000005104800
000000000009805100051907420290401065000000000140508093026709580005103600000000000
020030090000907000900208005004806500607000208003102900800605007000309000030020050
005000006070009020000500107804150000000803000000092805907006000030400010200000600
040000050001943600009000300600050002103000506800020007005000200002436700030000040
004000000000030002390700080400009001209801307600200008010008053900040000000000800
360020089000361000000000000803000602400603007607000108000000000000418000970030014
500400060009000800640020000000001008208000501700500000000090084003000600060003002
007256400400000005010030060000508000008060200000107000030070090200000004006312700
000000000079050180800000007007306800450708096003502700700000005016030420000000000
030000080009000500007509200700105008020090030900402001004207100002000800070000090
200170603050000100000006079000040700000801000009050000310400000005000060906037002
000000080800701040040020030374000900000030000005000321010060050050802006080000000
000000085000210009960080100500800016000000000890006007009070052300054000480000000
608070502050608070002000300500090006040302050800050003005000200010704090409060701
050010040107000602000905000208030501040070020901080406000401000304000709020060010
053000790009753400100000002090080010000907000080030070500000003007641200061000940
006080300049070250000405000600317004007000800100826009000702000075040190003090600
005080700700204005320000084060105040008000500070803010450000091600508007003010600
000900800128006400070800060800430007500000009600079008090004010003600284001007000
000080000270000054095000810009806400020403060006905100017000620460000038000090000
000602000400050001085010620038206710000000000019407350026040530900020007000809000
000900002050123400030000160908000000070000090000000205091000050007439020400007000
380000000000400785009020300060090000800302009000040070001070500495006000000000092
000158000002060800030000040027030510000000000046080790050000080004070100000325000
010500200900001000002008030500030007008000500600080004040100700000700006003004050
080000040000469000400000007005904600070608030008502100900000005000781000060000010
904200007010000000000706500000800090020904060040002000001607000000000030300005702
000700800006000031040002000024070000010030080000060290000800070860000500002006000
001007090590080001030000080000005800050060020004100000080000030100020079020700400
000003017015009008060000000100007000009000200000500004000000020500600340340200000
300200000000107000706030500070009080900020004010800050009040301000702000000008006
069000000000040030080000000000800610400000900500020000200900005000601000000000000 369218547152746839784395126923857614478163952516429378231984765845671293697532481
600350000200000080000000001500400300000201070000000000017000000000090500080000000 641358792259714683738962451572489316864231975193576824317845269426197538985623147
700100000000700300000008400200000050000030600100000000060000010030040000000500070 784163295659724381312958467243679158875231649196485732567392814931847526428516973
720610000000002005000000090015000200000930000000000040300800000000000100900000000 729615384836492715154378692415786239287934561693521847341857926568249173972163458
000060008040300000010000500000105040600000200700003000200070000000000010000000600 972564138548312967316789524839125746651847293724693851263971485487256319195438672
000015009700000400000000000003890700050000000000700000000000320100000050090600000 328415679765928413941376582213894765457163298689752134876549321134287956592631847
000010407020300000060000008030200000500000100000000000400050000100000080000600020 395812467824367915761495238637241859548936172219578643482153796156729384973684521
000025010030000000000010000040300600070000400500000000800600000000400300100000020 469825713231746589785913264942358671378169452516274938853692147627481395194537826
031000005000800020000000000200000100700400000000000083000031900640000000000050000 431726895567893421928145736256389147783412569194567283872631954645978312319254678
080090100600000030000000000020000908000403000000600000801000000000700020590000000 783296154619547832245831697324175968967483215158629473871952346436718529592364781
100500300000306000200000000600000002000030040000700000003000780040012000000000000 168527394457396218239481576674159832591238647382764159923645781745812963816973425
000300200910000000000000000047500000001700000000000890000096004200080000000000010 578361249913842576426975138847529361691738425352614897135296784264187953789453612
500092000100000600000000000000010092800600000000000050020400300070300000009000000 568792143142538679937164285756813492894625731213947856625489317471356928389271564
000085000900000300000040000081000040000200070000000008200900600000000503040000000 327185469954726381816349752781593246493268175562471938238957614679814523145632897
035800000000020700000000000400070001700000060000000050280000400000305000000600000 135867942694521783872934516458276391729153864361498257286719435917345628543682179
100000800002070000000030500430000070000500100000600000600100000050000030000020000 175962843342875619869431527436218975287593164591647382623154798954786231718329456
010040670300800000000000500000071000900000030000000000040000200000900008007300000 518249673376815924429736581234571869961482735785693412643158297152967348897324156
700300000000000140000000000000081300200040000570000000060500007001003000000000020 745319268632857149189462735496781352213945876578236491364528917921673584857194623
800720000000060030000000600030000500000600400200000000004100000000008020060000070 816723945495861237372594618631947582587612493249385761724136859953478126168259374
013000500000900040000000000000013008620000000000050000400000063700200000000000100 213746589576981342894325617947613258625879431138452976452198763761234895389567124
100000072700500000000300000000600803400010000000000000003000500020004000000070040 135489672786521439294367185971642853458713296362958714843196527527834961619275348
089000700000201000000000000510300060000090400200000000100000020300070000000400000 689534712735281694421967583517348269863792451294615378146853927352179846978426135
000050060402000000000001000000300204018000000000000700050060010700200400000000000 189457362462839175537621948675318294918742653324596781253964817791285436846173529
700500008300000060000020000670300000000400200000000100042010000000000073000000000 716534928325198764498627351671382549953471286284956137842713695169245873537869412
600043000000000100000009000007100200300060000020000000400000035000800060000200000 691743528735628194248519376867195243359462781124387659412976835973851462586234917
350000020000410000900000000000700104820000000000000600001600200000009050000000000 354986721672413598918257463539762184826341975147598632781635249463129857295874316
800000305000067000000400000070010060500000800000000000060305000002000010000800000 846192375239567481715483926973218564521634897684759132168375249352946718497821653
080004050000700300000000000010085000600000200000040000302600000000000041700000000 986324157124759368537861429413285976695173284278946513342617895869532741751498632
040000860000091000700000000300000001020400000000500000109020000000000540200000000 541237869832691754796845213365978421928413675417562938159724386673189542284356197
070030400800000090000000000600809000001000503000200000053070000000000100000000080 179632458865741392324985671632859714981467523547213869253178946498526137716394285
300000004070600000000100000008000010000002300000030000050000160200074000000000800 381257694972648531645193728438765219169482375527931486854329167216874953793516842
050000200600010000000800000070900000000000031000000460000500702300060000100000000 751349286648712395239856174476931528582674931913285467864593712325167849197428653
002600030400070000000000000000010407083000000000000100000302060750000000000800000 872691534431275896695438271269513487183724659547986123914352768758169342326847915
000800090420000000600000000010064000007000030000050000500000604200300000000000100 153876492428519367679432815315964278947128536862753941531297684286341759794685123
000500002010000070003000000007000160000800400500200000000010300860000000200000000 789534612412698573653127894327945168196873425548261739975412386861359247234786951
100000060000200000000000700000800207070000400300000000000006031020030050008000000 152947368763285149894361725416853297275619483389472516947526831621738954538194672
000200600304000000010000008200000700000080040000001000000760500060300000000000010 795248631384156927612973458241639785936587142857421369128764593569312874473895216
400010070020000500000000000300000001000206000000500600000090040205000000068000000 453812976829467513671953428386749251514286397792531684137695842245378169968124735
600002700008050000040000000700000200000480000000300000200003000000000049100000030 615942783328756491947138625783619254592487316461325978254893167836271549179564832
640002300000500000000100000105700000000030200800000000000000017030040000000000050 641972385789563142352184796165729834974835261823416579296358417537641928418297653
500000079000601000400000000000090300700050000080000600062300000000000050010000000 536284179298671543471539862654892317723156498189743625962315784347968251815427936
002600030400070000000000000000010705034000000000000100000302060750000000000800000 972681534483579216615234879268913745134725698597468123841352967759146382326897451
030500000000000004000000060604000100000300700200000000000064020000010300080000005 438576219569123874721489563694758132815342796273691458357864921946215387182937645
100000730000506000000009000000010003000000056400000000060200000000080400590000000 156428739972536814348179625625817943781394256439652178867243591213985467594761382
800000400000000607000350000030200050600007000000000000010030020700006000400000000 829671435345982617167354289934268751658197342271543968516739824782416593493825176
040035000600000100000000000100200000008000004000000030035000070000640200000100000 841935726679428153352761498193284567528376914764519832435892671917643285286157349
400000600000070050000001000000430200017000000050000030800600300000200000000000010 431592687928376154765841923689435271317928546254167839872614395143259768596783412
090007001062000000000300000000002500800000300000060080000040020500800000300000000 493257861162498735785316294934182576856974312271563489618745923529831647347629158
700000010000400003000000000140000060000090200080030000600105000000002800000000300 768953412921476583354218697143527968576891234289634175632185749497362851815749326
078400000000000100000600000100000340000700005200000000060000084300010000000002000 678491523435287196912635478157968342846723915293154867561379284324816759789542631
600070300100090000020000000703000000000500020000000080400000700000200400000805000 695478312134692875827351694783129546946583127251764983412936758568217439379845261
530900000000000601000000000201000700600035000000000090080400070000060000050000000 534916287829374651167258349241689735698735412375142896986421573413567928752893164
000000520800100000200000700053000060000400001070080000000050300400600000000000000 317849526865127493249563718953712864628435971174986235786251349432698157591374682
300048000000000100000030000020100700504000000000600000600000043000200050010000000 391748526748526139256931487923184765564379218187652394672815943439267851815493672
000700082051000000000000000600809000030000100000000000000010560000230000800000400 394751682751682934286394715612849357438527196579163248927418563145236879863975421
100000002000080070000010000400300600508000100000700000070002000000600030000000400 143967852269584371785213964427391685538426197691758243974832516812645739356179428
000600390010200000700000000500087000060000010000000000400000700000000508020100000 854671392619235874732894156541987263968523417273416985485369721196742538327158649
000800001900000500000000000410050000003000080000000700000108040020300000500000600 365872491987614532142539876418753269753296184296481753679128345824365917531947628
000800001200000500000000000410050000003000080000000700000108040020300000500000600 395872461287614539146539872418753296753296184962481753679128345824365917531947628
000800001600000500000000000401050000030000080000000700000108040020300000500000600 352879461678214539149536872481753296735692184296481753967128345824365917513947628
000605000200000400000000000076000040000100200000830000000000057000004006100020000 948615732251378469637492518376259841589146273412837695824961357793584126165723984
000080040027000000000000006000700300600000008000500000030061000100000750000000200 316982547427615839598473126281746395653129478974538612735261984162894753849357261
000050080600000200010030000200700400308000000000000001005000030040600000000100000 427951386653847219819236574291768453368514927574392861185479632742683195936125748
160040000000500802000000000208300000000009040005000000040000060000200500700000000 162748953934516872857932416278354691316829745495671328549183267681297534723465189
000070042100600000000000070520100000300000500000080000000300600074000000008000000 863579142197624853452813976529136784386497521741285369215348697674951238938762415
100000300030004000000200008000010640020700000508000000600030000000000001000000020 184967352235184769769253418973812645426795183518346297692531874847629531351478926
300000021060700000000400000040600500000010003000000000801000000000020600000000740 387569421264781935519432876142693587756814293938275164871946352495327618623158749
000018200040000070000003000060400005300000100000000000801000300000650040000000000 675918234943526871218743659169432785324875196587169423851294367732651948496387512
000605000200000900000000000076000040000100200000830000000000057000004006100020000 948615732251378964637492518376259841589146273412837695824961357793584126165723489
061000000000030009000000020900000030000600800000500700050100006300020000000000400 261984573587231649439765128976418235125673894843592761752149386314826957698357412
050040300200000070000000000000602080031000000000700000600200000000000403000010500 156847392284193675379526148495632781731489256862751934643275819517968423928314567
000056000000070090000000001000000370060000500100400000400100080050000700000200000 912856437548371692637924851824519376369782514175463928496137285251698743783245169
400006050000000309000800000000120800500700000600000000000050040080003000010000000 497236158862541379153897624749125836538769412621384795376958241285413967914672583
020700010000000030000000090000120600900080000300000400010200500400003000000000000 529736814847951236136842795754129683962384157381675429613297548478513962295468371
041000000000300500000200000200500300000040060800000000060010040370000200000000000 741658932629371584583294176294586317137942865856137429962815743378469251415723698
010800020000000030000000090000120700900050000300000400020500600400003000000000000 619837524248965137537241896864129753971354268352786419723598641485613972196472385
500100060000030700800000000400506000070000200000800000032070000000000051000000000 547192863291638745863754129418526937675913284329847516132475698784269351956381472
000600072051000000000000000600709000030000100000000000000010580000230000700000400 394651872851972634267384915612749358439825167578163249926417583145238796783596421
280030000000500040000000000300000802000407000000100000064000070000010300005000000 281634795673598241459271683347965812816427539592183467164352978928716354735849126
820030000000500040000000000300000802000407000000100000064000070000010300005000000 821634795673598241459271683347965812216487539598123467164352978982716354735849126
000000084730000000000100000008050000000200400040000007200000060000004100000037000 621793584739845621485162379178459236963278415542316897254981763397624158816537942
704800000100000500000000000030056200000002001008000000250000090000410000000000000 794835612162947583385261479931756248647382951528194736253678194876419325419523867
000200040800000300010000000002004000000080050070000100000710600400500000000000001 657231849849657312213849765582174936196382457374965128925713684461598273738426591
050000300000100040000200000400700000002000800000050600560030000000004020000000001 257649318896173245143285769485726193672391854319458672561932487738514926924867531
140000700000000400000800000802003000000040600000000010060570000000100002000000080 149325768285761439637894251872613945513948627496257813368572194954186372721439586
010530000460000200000000800070000010800002000000000060200000400000670000000100000 912538647468791235753246891574863912836912754129457368291385476385674129647129583
470000000000500100000000030040000002000034000000080600801000040000007500000200000 473891265269543187185726439648175392592634871317982654821359746936417528754268913
000050103020600000000040000080200060000000900000030000000700240301000000500000000 467952183923681574815347629184295367236174958759836412698713245341528796572469831
000020800500000004010000000208040000000300100000000070000700030600100000400000002 396425817582617394714839256278541963945376128163298475829754631637182549451963782
700408600000000001300000000050021000400000070000000000002350000000700400010000000 791438652248675391365192784657921843429863175183547269872354916536719428914286537
040010000000000300000000070003502000600000010000700004300000700016000000000800500 742613958861975342935428176183542697674389215259761834328154769516297483497836521
032500000000600010000000000000080203610040000000000500407000080000300000800000000 732514698589637412146892735974185263615243879328769541457921386261378954893456127
500200030601005000000000000100006400030070080000000000070830000000000601000000000 589267134621345897743918265197586423234179586865423719476831952358792641912654378
081000000000400050000020000000001800500000020000300000640000300200050000000007001 481735296392416758756928413924561837563874129178392645645189372217653984839247561
000760200400800000150000000000001040030000800020000000000200003600000010000080000 389764251462815739157392468876921345931457826524638197715249683648573912293186574
750000020008600000000001000040020000000050900000000806609800000000000050300000000 751489623438672591926531487847926315163758942592143876679815234284367159315294768
050100200600040000003000000000060007001000040020007000700408000000000130000000000 957183264682749351143652789539264817871395642426817593715438926294576138368921475
307090000000000200100000000000103000004000090020000800000240030650000001000000000 387592614465318279192764358976183542834625197521479863718246935659837421243951786
070240030200050000000000800030806000000000001000000500000300080104000000500000000 971248635248653917356179842735816429862594371419732568697325184184967253523481796
000200804000900300100000000500006010000040000000008000084030000000700050020000000 957213864468957321132864579549326718876149235213578946784635192691782453325491687
000200804000900300100000000500006010000080000000004000048030000000700050020000000 957213864864957321132468579589326417476189235213574986748635192391742658625891743
006083000010000200000000000803000050000100400000000006740200000000400100000000080 426983517918574263537621849863742951259136478174859326741298635385467192692315784
300000001000704000000200000020500400607000000000080030100030000000000250000000700 374958621281764395569213874823571469617349582495682137152837946748196253936425718
500170000030000200000600000000024800100000000000003000028000000004000006000700050 592178643836459217471632598967524831143867925285913764628345179754291386319786452
090070020000030600000000000000501090300000807600000000800000300050900000000400000 493675128582139674167842935278561493315294867649387512821756349754913286936428751
700000100000300000000600000038000000000010200006000050010000460200070000000500030 762459183854321679391687524438265917975813246126794358517938462243176895689542731
800000100000300000000700000039000000000010200007000050010000470200080000000600030 872456193954321786361798524439275618586913247127864359618539472243187965795642831
000400520108000000000000000050340000300000008000200010040000300600070000000001000 739418526168752934524693187851347269372169458496285713945826371613574892287931645
000400520701000000000000000050340000300000007000200010040000300600080000000001000 839417526761852934524693178157348269382169457496275813945726381613584792278931645
400020000000000001000000060000040270016000000800000000007603000050000400000800300 465721839783469521192385764539146278216578943874932615947653182358217496621894357
030020000000500070000000010040030600000000200100000000006000403500701000000800000 831427569692518374475396812247135698358679241169284735716952483583741926924863157
301000000000020006000000070070060000000000903500000100400301000080000020000500000 361857249857429316294136875178963452642715983539248167425371698783694521916582734
000035080201000000000000000700200000080000030000006000600100200050080000000000407 976435182231897564845621379763258941582914736419376825697143258154782693328569417
031600000000040050000000000070106000000000028000300000402050000500000600000000100 231695487697843251854217963378126594146579328925384716462751839519438672783962145
401000000000800020000000003600504000070000080000010700020300000000000401000000900 451632897793845126268197543682574319175963284349218765924351678836729451517486932
000023600010000050000000000302070000000500040600000000000100008050400000700000300 574923681913684752826715439342871965187596243695342817439167528258439176761258394
080010300000600040000050000040200007000030100000000000100700000000400020503000000 785914362231678945496352718348291657652837194917546283164725839879463521523189476
000000630070500000000000400604000100000820000300000000000160007020000050000004000 218479635479536812563218479684795123791823546352641798945162387126387954837954261
020070000500000100000000800000020073100500000000000000000100506073000040000800000 421678359589342167736915824958421673147563298362789415294137586873256941615894732
300026000000000401500000000200000060000005030040100000000410700000800000600000000 314526897762398451598741623253974168179685234846132975925413786437869512681257349
030000020000040500600700000080302000000000401000000000405060000000500030100000000 539681724817249563642735819784312956326958471951476382475163298268594137193827645
108000006000703400000000000040000570500010000000000030070500000000080001200000000 138954726956723418724168395341896572597312684682475139879541263463287951215639847
030000020000010400600700000050302000000000801000000000104050000000400030800000000 439568127587219463612734985751382649326945871948176352174853296265491738893627514
000405020010700000060000800004000057000060000700000000000090103500000000000000600 837415926912786534465923871684139257359267418721854369276598143593641782148372695
640000000000080100200040000800000004000001030000200000030700500000600200001000000 648175329375982146219346785823567914756491832194238657932714568487653291561829473
200140000070000030000000000080003000003000007000060100605000200100700000000000080 239146758571289634864375912786413529413592867952867143645938271128754396397621485
003050000000800400070000000000008073020000050900100000800000100400006000000070000 683754219519832467274619385146528973728493651935167824897245136451386792362971548
004000001030080000000300000070020600100000040002000000000004200000000580600100000 964275831731486925825319467473921658196538742582647193357894216219763584648152379
000038060024000000000000000000070200010400000800000030000600401009000500300000000 175238964924167385638945712596371248213489657847526139782653491469812573351794826
060302000008000410000000090030500600000010020000000000000700300900020000100000000 461392758298675413375184296832549671746813925519267834624751389953428167187936542
104000200600500030000000000030000058200014000000000000000020100050800000700000000 194683275678542931523179846931267458285314697467958312849725163356891724712436589
500010000040000008000000030006000200700000100000800000000420500030500000008000010 587314629341269758962785431896153247723946185415872396179428563634591872258637914
650000307200800000000100004000200040001000000030000000400050000000030100000000080 658942317214873596397165824865217943741396258932584761489751632526438179173629485
007200500040000006000000010620000300000047000000060000100800050000000004900000000 867214593341598726295736418629185347518347269473962185134879652782651934956423871
706040200000000001300000000200000040000109000000600000010800000089000000000000530 756341289948265371321798465297583146864129753135674892613857924589432617472916538
000120000600000900000300000001000030000080600040009000000007501300400000000000020 539126478612874953478395162861542739295783614743619285986237541327451896154968327
000800400067000000000000000000017060000060500400000000090000071800405000000200000 135826497267149358948753126382517964719364582456982713594638271821475639673291845
180400000000090600300000000070003040009020000000000010600001000000500900000000200 182436795754198623396275184278613549519824376463759812625981437837542961941367258
200000036070400000000000050100500000000200700305000000000036000040000800000010000 254187936973465128816329457127548369468293715395671284782936541641752893539814672
605000020000071000000000000010000702300600000000040000070000300400800000000500060 695438127834271956721956438916385742347612895258749613572164389469823571183597264
000004800000501000200000000000030200010000400050600000301040000000700050000000006 195264837837591624246378591689437215713852469452619378361945782924786153578123946
260080000050000007000000010401000200000750000700000000038000000000004800000100000 267581439159243687843697512491836275386752194725419368638925741912374856574168923
460030000000000100030000000200105000000800006040000030701000500000200000000000040 462731985875496123139528674283165497917843256546972831721384569694257318358619742
000002800400500000001000000000710040320000000000000005100000200080040000000600300 639472851472581693851396427568713942327954186914268735196835274283147569745629318
040000010050200000600003000008000700000000602010040000500010000400000300000600000 742968513153274986689153427368592741974381652215746839536419278491827365827635194
021000000000040005000000000030106000700000040000200000400000107500080000000000230 821765493367942815945813726234176589719538642658294371483629157572381964196457238
090830000600000509000000000000020030500900000000000100023000080000001700000500000 795836214638214579241759863486125937512973648379468152123697485954381726867542391
050000010000200400000000000430000200000501060000070000200000300000030050007000008 652493817179258436843617529431869275728541963596372184265784391984136752317925648
087040000000070010000600000300102000500000704000000800100300000050000400000000000 687541392495273618231698547374182956518936724926754831149367285752819463863425179
300060000000100800000000005000030960005000400010000000000502007900000030000800000 358264719296157843147389625824735961635918472719426358463592187982671534571843296
407300000000000100600000000210000500000480000000700000000002047050060000000000030 427316859895247163631859724214693578576481392389725416168532947753964281942178635
000670500400000001030800000105000200200300000000000080000051000060000030000000000 912673548486592371537814629175948263298367154643125987324751896761289435859436712
060302000007000410000000080030500600000010020000000000000600300800020000100000000 461382957287965413395174286732548691649713825518296734924651378853427169176839542
074000000000010600000080000890000100000402000500000000000700043000300020100000000 674935218358214697219687435892573164731462589546198372965721843487356921123849756
570000040100003000000800000008000030090200000000040000600050100000000908000000200 573192846182463597946875321468519732397286415215347689624958173731624958859731264
006003000010000040000050000200000300090100000500000000080000109300020000000400050 456813297813279546972654831247596318698132475531748962784365129365921784129487653
100052040000060000000000300000300706500700000000000800002000050030800000000000001 173952648284163579659478312491385726528796134367214895812647953935821467746539281
100500006000400020030000000000020890705000000600000000000600100009030000020000000 147592386958463721236178954314726895785914263692385417873659142469231578521847639
607000005000800400100000000200000060010300000000400000540070000000060010000000300 637249185952831476184657293293715864416398752875426931549173628328964517761582349
000068010025000000000000000100500000000200700006000040600010002070000300000400000 749368215825174639361952874137546928498231756256897143683715492574629381912483567
000080200050003000000000400000040600080000030005700000300000057600900000000100000 173489265254613789869572413912345678786291534435768192341826957628957341597134826
000029000000000100000030000009000020080004000050700000000100805300800600200000000 831629574924578163576431289649385721783214956152796348497162835315847692268953417
700500004000100300000070000610000070000300008000002000000010250403000000000000000 726539814945128367138674592612845973574391628389762145867413259493256781251987436
074000000000010600000090000890000100000402000500000000000700043000300020100000000 674835219359214687218697435892573164731462598546189372965721843487356921123948756
020000100000308000000400000000010500400000008070000030100000700605000000004800000 826795143941368257357421869268913574413576928579284631132649785685137492794852316
000000102700400000000000800300000640400009000000010000012600000000500030090000000 934875162786421395125936874371258649458769213269314758512693487647582931893147526
200000103000506000000000000000730002061000000000000080300020400040000650000000000 256948173139576824478312596584731962761289345923465781395627418842193657617854239
200000603000501000000000000000730002061000000000000080300020400040000150000000000 215847693637591824498362571584736912761289345923415786359128467842673159176954238
500000702040000500000010000020500000000030080000000010108600000000700400300000000 516894732842376591937215846421568379695137284783429615158643927269781453374952168
308004500000610070000000000500038000070000060000000000060200000400000300000700000 328974516954612873617385249546138792173529468289467135765243981491856327832791654
090500000000000010000000004000820900700000300001000000400001060000600070020000500 894516732267439815315278694643827951752194386981365427478951263539642178126783549
200000103000507000000000000000830002071000000000000060300020400060000750000000000 257946183139587624684312597546831972871269345923475861395728416462193758718654239
200000703000501000000000000000830002071000000000000060300020400060000150000000000 215648793738591624694372581546837912871269345923415867359126478462783159187954236
010600000000430000050000000200000570400300000000080100300000040000050700000002000 914675238762438951853219467281964573475321689639587124327196845146853792598742316
300000560000701000040000000200000081507030000000000000081400000000050300000000000 319284567825761439746395128234576981597138246168942753981423675672859314453617892
300000670000501000040000000200000085601030000000000000085400000000060300000000000 359284671826571439147396528234619785671835294598742163785423916412968357963157842
309004500000610070000000000500039000070000060000000000060200000800000300000700000 329874516485612973617395248546139782173528469298467135764253891851946327932781654
007000200010080000000000508200000300000760000000100000064000010500003000000200000 857346291912587436643921578281459367435768129796132845364875912529613784178294653
070003000040080000000000600600500100000070040001000000500601000000000073000200000 276413958345986712918752634634528197852179346791364825527631489169845273483297561
300000560000701000040000000200000081507030000000000000081200000000050300000000000 319482567825761439746395128234576981597138246168924753981243675672859314453617892
300000670000501000040000000200000085601030000000000000085200000000060300000000000 359482671826571439147396528234619785671835294598724163785243916412968357963157842
500740600001000000000000700400000012060300000000000000040000380000012000000500000 529748631671935248384126759437869512268351497915274863142697385853412976796583124
010600000000430000050000000200000580400300000000070100300000040000050700000002000 914685237862437951753219468271964583485321679639578124327196845146853792598742316
103500200000040070600000000040087000300000001000000000000000840200100000000300000 193576284825943176674812935541687329382459761769231458916725843238164597457398612
000620030071000000000000000900040050200010000000000800000700102350800000000000000 589624731671583924423179568918347256265918473734256819846735192352891647197462385
000405000700000300000000100300700000000080060000030005065008000000200700040000000 813425697794861352526397148359746821471582963682139475165978234938254716247613589
000500309820000000000000100760000040000190000400300000001000500000020080000000000 146578329827913465395642178763285941582194736419367852271836594954721683638459217
305000008000021000000000000000600053690070000000000000020000710400300000000000200 345796128789421365162835497274618953691573842538249671823954716417362589956187234
000001080060000700000040000000700209408600000100000000000030040007900000020000000 239571684864293751715846923653784219498612375172359468986137542547928136321465897
930000000000410000000050800000000104760000000000000500000206030000300070001000000 935872416682419753147653892259738164764125389813964527578246931496381275321597648
000000420308000000900000000000580100040000700000300000070004050000600030000000008 567138429328496517914752386736589142845261793291347865673824951189675234452913678
305000008000021000000000000000400053790060000000000000020000610400300000000000200 375649128649821375182735496268417953791563842534298761823954617416372589957186234
200060007080020000000001040600000201000400000000000300040300050001000000000000800 213564987486729135597831642654983271139472568728156394942318756871695423365247819
000302000600000400001000000780500000000040600000000100500000032030000080000010000 947352816628197453351486297784561329193248675265739148516874932439625781872913564
600020000000000041000080000000500200000000360017000000050107000300000800000400000 674921583982375641135684792863549217549712368217863459458137926391256874726498135
700050000000000041000020000000600200000000370018000000060108000300000500000400000 784951632952386741136724859573649218649812375218573496465138927391267584827495163
007040000000001000000000200000300900010000400650000000200790000000800050009000001 327546198498231567165987243872354916913628475654179832231795684746812359589463721
060701000500000030000000000000030002400800000070000100302060000000400080000000700 863751294514289637729643518956134872431872965278596143382967451197425386645318729
000170000400000008000030000230000000000000607000000010050600200007000030003008000 389174562471562398562839741236417985814395627795286413158643279627951834943728156
000307000060000020100500000305000400000080060000000000020006000000400500000010300 289367154564891723137524689395672418742183965816945237923756841671438592458219376
080000090400030000000000000090800060050040000001000000200000304000500200300900000 583217496417639825926485731794852163652341987831796542269178354148563279375924618
056000200000470000300010000010000060000600800700000000008200000200000007000000010 156839274982476153347512698814325769523697841769148325478251936231964587695783412
000040050000029000300000800000800001024000000050000000800600000000050040000700300 279348156586129734341567892963875421724916583158432679835694217617253948492781365
007000050010080000000040300040200001300050000000000070400600500000701000000000000 237916854514382796968547312845279631376154289129863475491638527653721948782495163
080000200000043000000170000700000030000600800001000000060200500300000074000000000 483956217172843965956172483798425136235617849641398752867234591329581674514769328
000700030800000500000001000200080600000300070000000040001050200037000000040000000 419725836876934521325861794294187653158346972763592148981453267637219485542678319
000020040800000100100900000026050000000000800040000000900801000000000065000300000 693127548872534196154986237326458719519673824748219653935861472481792365267345981
042900000000060030080000000000400200100000050000000000000800401300010900500000000 642983517751264839983157642895471263126398754437526198269835471374612985518749326
000070005060040000010000000500603000700000002000100400200800000000000630000000010 342976185867541923915238746594623871781459362623187459236814597158792634479365218
020600500009000030000000800401000090700500000000200000500000600030090000000010000 327684519849157236615923874451768392762539148983241765594372681136895427278416953
400060000000000051000020000000700200000000430018000000070108000300000600000500000 485361729962487351137925864643759218759812436218643597576138942391274685824596173
021030000000600050000000009600500000000000200000040000000720100400000030580000000 921835674734691852856274319673582491145369287298147563369728145412956738587413926
045000080009200000000300000200700400600080050000000000300000200070050000000001000 745169382139278564826345971253716498614982753987534126361897245472653819598421637
020607400800000090000200000500030080060000700000000000070000600300080000000000001 921657438856341297437298165514732986263819754789564312178925643342186579695473821
601030000000500070000000000070000040500001000000060008200000600000700300050400000 641237589328519476795648231876925143534871962912364758287153694469782315153496827
000060080020000000001000000070000102500030000000000400004201000300700600000000050 947165283823974516651328947478596132516432879239817465764251398385749621192683754
050000080000003000000400000304200000000070090600000000000006403000010200070500000 451692387862753149739481526384269751125378694697145832518926473943817265276534918
000700600024000000080000000600004100000020007000058000000000028000300050100000000 513789642724536819986241573632974185851623497497158236369415728248367951175892364
050900000000400070000000030000070005010000800400000000000105600700060200003000000 356927184821453976974618532689271345517346829432589761248135697795864213163792458
402000070000600300000001000700020000050000600000000100000740020063000000000800000 412398576978652314635471298786123459154987632329564187591746823863219745247835961
000070020003000500600000000170000040040800000000300000500000803000240000000006000 451673928793482516682159437178965342349827651265314789524791863936248175817536294
000030082401000000000000000000406500080000030000700000000500700600000400030020000 957134682421869357863275941392416578786952134145783296219548763678391425534627819
000020050300000100000006000060050020100400300000000000000108000020000070000300400 819723654376584192245916738463857921152469387798231546534178269921645873687392415
200100000000000430000008700030740000000000001050000000000060350108002000000000000 275134869816579432394628715931745286687293541452816973729461358148352697563987124
201000000000100007000000580000042300050060000080000040300000600000800000000700000 271485936865193427934627581197542368452368719683971245318259674749836152526714893
080070100500004003000000000070000820001300000000500000600080070300200000000000000 984673152512894763736152984473916825251348697869527431625481379347269518198735246
030890000100000060000000000006000079000030500200000000050001300004600000000000900 637892154129354867548167293386215479491736528275489631852971346914623785763548912
500100000000000072000800000100500300060020040000000000300000001040070000000040500 528167934613459872794832615179584326865723149432916758357298461941675283286341597
000600001200000040000050000006700500010000020000300000800024000400000600000000300 738649251251873946694251738346782519517496823982315467863924175475138692129567384
000800050700000300000200000100000704020130000000000600600004000010000020000070000 943867251752419368861253479186592734427136895539748612675924183314685927298371546
030090000700000004000000010200060800000500900100000000000104000090000300050700000 534291786716385294928647513279463851843512967165978432387154629491826375652739148
400580000000000607000000000000010840007003000030000100000706090100000000000200000 476589312298134657351672984625917843817463529934825176583746291142398765769251438
725060000000000310000000000040000800000502000000100000001000002300800000000030400 725361948894725316613489257147693825938572164256148793481957632362814579579236481
041000000600030000000200000700500008000004000000100000020000910000090200800003000 241956837698437521573218469732569148185374692964182375327845916456791283819623754
600000100000503000000700000020100000000020600007000003340080000000000270000000050 674892135291543786538761492823176549459328617167954823345287961916435278782619354
502000000000050080000013000600740000000000301800000000000600050000200400010000000 582467913143952687967813245631749528479528361825136794398674152756281439214395876
000600200000230000100000000400008053600000070000000000037050000020700000000000100 395617248784239561162485739479128653618543972253976814937851426821764395546392187
000800300400700000000000020021000050000400000000030000060000207000020400500001000 217859346438762591956143728321987654795416832684235179863594217179328465542671983
030050900000000480000000000007030100804200000200000000050000007000400020100000000 438152976621379485975648213597834162864215739213796854352981647789463521146527398
050201000000000370000500600803040000000000001400000000000030480020100000000000000 356271894281469375749583612813945267567328941492716538175632489628194753934857126
200030000004000600000008000030600000000400100000005400780000003000040020000100000 268934517394751682517268394439617258875492136126385479781526943653849721942173865
800000013000674000000000000300500100000000706000080000000200080041000000070000000 867925413513674829492813675324567198189432756756189234635241987941758362278396541
000500001000302000890000000000090750120000000003000000600070400000003020000000000 234569871761382594895417362486291753129735648573846219612978435948653127357124986
000070800000008400300000000050000031100000070000040000008600200020300000000100000 419273865267518493385496127854762931192835674673941582738654219521389746946127358
000080320104009000000000000030020000700000001000000050000107009020000700000400000 679581324154239867283674195531926478792845631846713952368157249425398716917462583
100070040000038500000000000008000602000900010030000000020000300900100000000000008 153279846697438521842516937518347692276985413439621785721854369985163274364792158
700000010000508000030000000600270000040000300000100000102000009000034800000000000 754392618219568743836417295698273154541689372327145986172856439965734821483921567
700010000090000080000000000600000102040809000000300000102000600500000090000400000 723618459496253781815794326689547132341829567257361948132985674564172893978436215
002063000000000401000000000030000560400800000000000000000020630170400000800000000 942163785365287491781549326238914567459876213617352849594721638176438952823695174
600100000090000080000000000084000090000200300070006000000087000100030000200000600 625178934791364582843529761584713296916245378372896415459687123167432859238951647
300050000000000001000000040500000800000700300080400000000230500004006000010000070 349651782625847931178329645537912864461785329982463157796234518854176293213598476
000020034601000000000000000040530000700000600000000080000607500030000007000100000 975826134681345792324971856846539271753218649219764385492687513138452967567193428
200010000000000403000000500005307000000000260000000000820000070000500010600400000 243815796518796423796243581965327148437158269182964357824631975379582614651479832
270500040000009600000000000000093000050000020000000000600820000800000309000000100 273568941584219637196347258428793516951684723367152894639821475812475369745936182
040100000500000020000040000000500104807000000000000600000007083002060000010000000 648152397531978426279643815923586174867431259154729638496217583782365941315894762
000050208610000000000009000007400010300020000000600040200000500000107000000000000 794351268612874935835269174567493812341728659928615743273946581459187326186532497
095000040000010000020000000800000106000402000000000300300060000100900000000700050 695378241483219675721654839834597126916432587572186394349865712157923468268741953
600800000000200003000000040000700610054000000000000200000040706000035000100000000 613894572495271863827563149389752614254316987761489235532148796978635421146927358
070300000500000010000009050020000708000610000040000000600700200109000000000000000 978351624562478913413269857321945768895617432746832195654793281189524376237186549
000200019300000000700000000600070300000460000090000050000085700010900000000000000 468237519351694278729158463682571394573469182194823657946385721217946835835712946
000100085200000000700000000600070200000360000080000040000094700050800000000000000 369127485218549376745683192691475238472368519583912647836294751157836924924751863
630700000000900200000000100300005080040020000000010000502000400000400030000000000 631782945754931268298564173329645781146827359875319624582173496917456832463298517
500000720000010000200000000000203080090000000000800000467300000000000901300000000 541936728986712345273485196154273689698154273732869514467391852825647931319528467
053008070040000200001000000600040000000000001000000090200060400000109000000300000 953218674746953218821476953695741382382695741174832596218567439437129865569384127
600020070040500003000000000105000020000400800000300000000010500700000900000000004 683924175241587693597136248135768429972451836468392751324619587756843912819275364
000038060024000000000000000000070200010400000800000030000600401006000500300000000 175238964924167385638945712569371248213489657847526139782653491496812573351794826
003600200000090800070000000200500100000070040000003000600200000040000070000100000 453618297126795834978432516297564183365871942814923765681247359542389671739156428
000092400701000000000000000050000200000810000000700000540300000000000609300000020 683592417721438956495671382857943261234816795916725843542369178178254639369187524
180400000000090600300000000070003080009020000000000010600001000000500900000000200 182436795457198623396275148274613589519824376863759412625941837731582964948367251
200074000060000300000000000030100000008000004000002070704000050000630000000000100 253974816469518327871263495937145268128796534645382971714829653582631749396457182
460800000000200100003000090270000000000090300000010000500700002000000040001000000 469851273857239164123674598274386951615492387938517426596743812382165749741928635
010000002000040080000600040507030000400080000000000100300000800000100600000200000 914875362675342981238619745567431298421987536893526174352764819749158623186293457
083600000000070040000000000060108000000000027000300000402050000700000800000000100 583642719621973548974581236367128495198465327245397681412856973736219854859734162
000607000002400000030000800050030020600000004000010000700000300400700000000000050 841657293962483571537921846154836729628579134379214685795142368483765912216398457
000300010060050000200000000300600000000500700100000000070000408050002600000010000 584327916763159284219468375397684152826591743145273869671935428958742631432816597
030700040100090000000000000020680000000002100000000509801000000000400030500000000 239765841157894263486123957925681374374952186618347529841536792792418635563279418
030200040100080000000000000020670000000002100000000508701000000000400030500000000 938265741152784963476193852825671394394852176617349528741536289289417635563928417
002100400083000000000000000500400700600020000010000000000008063100700000000000080 962137458783654219451892376529486731637521894814379625275948163198763542346215987
000020040100000500000006000060040020500300100000000000000108000020000070000500300 958721643176483592234956817361849725542367189789215436693178254825634971417592368
030600090100080000000000000020570000000002100000000408701000000000300050400000000 238654791146789532975123846824571369369842175517936428791465283682317954453298617
100020700063500000000000000000400035200010000000000060700000100050600000080000000 194826753863574912527139684918467235246315897375982461739258146452691378681743529
100020700063500000000000000000400053200010000000000060700000100050600000080000000 194826735863574912527139684918467253246315897375982461739258146452691378681743529
046200000000400500001000000500302000700000060000000001300000200080060000000000040 846251973237496518951738624568312497713549862429687351394175286182964735675823149
000000051070030000800000000000501040030000600000800000500420000001000300000000700 369784251174235869852196437287561943435972618916843572593427186721658394648319725
000204050010000000000007000400000070500010000000600009000080601307000000000000200 798234156215896743643157928461329875579418362832675419954782631327961584186543297
040000100000602000000500000300100000000030400005000020820070000000000350000000006 548793162931682574267541839372154698689237415415968723826375941194826357753419286
702000050000041000000000000160030004000200580000000000000500200310000000040000000 792386451653941872481752369167835924934217586528469137876594213319628745245173698
200705000060000001000400000700000840030060000000000050001030600500000000400000000 248715369965382471317496582759123846134568927682947153871234695596871234423659718
600208030007000104000000005005010000000040000000000020280300000000000700030000000 641258937527639184398471265465912378812743659973586421284397516156824793739165842
068000300000701000000000000030080600700000040000000000100400057400060000000200000 268549371345721986971836425534987612789612543612354798126493857457168239893275164
000200060500000900000018000600350000000000001300000000080700400000600030001000000 143279865578463912962518743619357284854926371327184596286731459795642138431895627
200700000050000030000000200000031050400000600000000000013000004004600000000029000 239756841856142739147398265762931458481275693395864172613587924924613587578429316
200700000050000030000000200000013050400000600000000000013000004004600000000029000 239756841856142739147398265762913458481275693395864172613587924924631587578429316
000304100800500060900000000030200400000080020010000000600090000070000300000000000 257364198843519267961872534738256419596481723412937685625793841179648352384125976
000320000700600000100000800000081000060000030000000020004000107030400000000000500 986327415745618392123954876392781654568249731417536928254893167631475289879162543
600702000005000800000000000008030000030000070000000012720000400000650000100000000 684792135975413826312865749298137564431526978567948312726389451843651297159274683
100500000000904000002000700000000054003020000000000100450060000000000380090000000 179582463635974821842136795721893654563421978984657132458369217216745389397218546
010700000000050400000000003400300000200000500000100080500020600030000070000004000 614739852398251467752468193461385729283697541975142386547923618839516274126874935
030600090100080000000000000020570000000002100000000408701000000000300060400000000 238654791149783256675129843824571639396842175517936428761495382982317564453268917
050400000000030800000000001300080700060000050000200000000506040108000300000000000 751428936692135874483769521325684719867391452914257683239576148178942365546813297
503000200000410007000000000640700000080000010000000300000100040200030000000005000 513687294826419537479352168641793825387526419952841376735168942268934751194275683
080000010400070000000030000010200005000060700000000300000105000300000900700800000 687952413435671892192438576913287645548369721276514389864195237321746958759823164
401000000000800006000000000000014230560000000000020000000003140670500000000000000 481256973237849516956137824798614235562378491143925768825763149674591382319482657
000030210840000000000000000300000501006400000000007300000850000070000040001000000 567934218842165793913278456394682571756413982128597364439856127675321849281749635
360000040200500000000100700041000000000200008000000300000060010700040000000000005 365872149217594836489136752941683527573219468628457391832765914756941283194328675
016000040300200500000000000040000018200300000060000000000018000700000200000040000 516893742389274561472156839943527618258361497167489325624718953791635284835942176
000200006040000050010000000600030005000074100200000000500800000000003070000000400 785291346942367851316458297694132785853674129271589634527846913468913572139725468
000020001804000000300000000000608040020000700000300000600400080070010500000000000 765924831814763925392581476137658249528149763946372158651497382273816594489235617
000000613000540000000000070050900200301000000000000000700031000080000509000000000 574289613613547982928316475857963241361452798249178356795631824186724539432895167
070020000010000500000300040000607100200000060080000000400200000300000008000000700 674925381913846572852371946549687123231459867786132459497218635365794218128563794
030700040100090000000000000020680000000002100000000509801000000000400060500000000 239765841157894632486123957925681473743952186618347529871536294392418765564279318
400050100030600000000000000501000700000304000060800000000000286100000000000000030 428753169735691824619482375581926743297314658364875912953147286146238597872569431
200000006000700300000001000500020040070300800000000000037600000000040025000000000 218435976954786312763291584586927143172364859349518267837652491691843725425179638
200000040000600300000100000030000070000070020001000000780020000000005600000300100 219538746857642319364197258532816974698473521471259863786921435143785692925364187
000900050300006000080000700007400100000000200600000000800000063000700080000010000 712983654345276819986145732537462198198357246624891375871529463269734581453618927
000000012800040000000000060090200000700000400000501000015000000000030900602000000 349756812826143579157829364593264187761398425284571693915487236478632951632915748
000000021800040000000000060090200000700000400000501000015000000000030900602000000 349756821826143579157829364593264187761398452284571693915487236478632915632915748
002090300801000000500000000090060040000000018000000005070000200300500000000100000 742891356831657429569234187198365742653742918427918635975483261316529874284176593
002090300805000000100000000090060040000000058000000001070000200300500000000100000 742895316835617429169234587598361742613742958427958631971483265386529174254176893
050000016400030000000000000067000080201000000000040300000706000500000200000100000 753294816496831725128567943367915482241378659985642371832756194519483267674129538
050000061400030000000000000067000080201000000000040300000706000500000200000100000 753294861496831725128567943367915482241378659985642317832756194519483276674129538
070000016400030000000000000068000090201000000000040300000806000500000200000100000 873254916456931827129768543368517492241389675795642381932876154517493268684125739
070000061400030000000000000068000090201000000000040300000806000500000200000100000 873254961456931827129768543368517492241389675795642318932876154517493286684125739
000000012700060000000000050080200000600000400000109000019000000000030800502000000 346895712725361984198427356984256173651783429273149568819674235467532891532918647
000030900408000000100000000030070005002000010000000048060000200500800000000100000 625438971498716532173295864834971625752684319916352748361549287547823196289167453
000030900501000000400000000030080006002000040000000051070000200600400000000100000 726531984591847632483296175135984726862715349947362851374659218618423597259178463
000000012400090000000000050070200000600000400000108000018000000000030700502000000 367485912425391867189726354873254196651973428294168573718649235946532781532817649
040500060017000000000000000800000020000013000000407000000000103500600000000080700 348579261917268534265134879831956427724813695659427318486792153573641982192385746
002090300805000000100000000090060040000000058000000001070000200400500000000100000 742895316835617429169234587598361742317942658624758931971483265486529173253176894
002090300801000000500000000090060040000000018000000005070000200400500000000100000 742891356831657429569234187198365742357942618624718935975483261416529873283176594
000030900401000000500000000030080006002000040000000051070000200600400000000100000 726531984481297635593846172135984726862715349947362851374659218618423597259178463
000000107090020000000000004000401500020003060000700000000090030400800000100000000 358649127694127385217538694963481572721953468845762913576294831432816759189375246
008001000000020030500000400007600500010030000000000000020000010000500700600400000 248351967769824135531976482397648521416235879852197346925783614184562793673419258
002090300501000000700000000090060040000000017000000005080000200400500000000100000 842791356561238479739654128197365842358942617624817935985473261416529783273186594
000500100700030000900000000050200600300000090000100000400090070080000200010000000 238567149741932865965418327154279638372685491896143752423891576689754213517326984
000350000400000010000090000800601000000000907000000300003000504090700000000000020 916358472435267819287194653879631245341582967562479381723816594694725138158943726
061000000000200800000050000300000200050010000000700000000040061200300000800000040 961438527435271896728659134347586219652913478189724653593842761214367985876195342
020400060100080000000000500500602000700000100000300000000010700030000020060000000 925437861176285394384169572513672489742958136698341257259816743831794625467523918
000023007100000600000050000630000010027000000000400800800600000000000003000000020 586923147192784635374156298638295714427861359915437862853642971261579483749318526
170000000000800020045000000000014005300000060000070100000000407200300000000000000 172936548693845721845721693928614375317598264456273189569182437284357916731469852
000017500600000003000040000370000060000200008015000000000000710800300000000000000 483917526691582473752643891378194265964275138215836947539468712847321659126759384
900800021040050000000000060000902000070000300000001000201000000000030400006000000 965843721742156938318729564653982147179465382824371659231694875597238416486517293
001000050000200600000030000000501020340000000700020000080000700000405000000000300 831647259497258631526139874968571423342896517715324986284913765673485192159762348
006000084790000000000000000040860000500000901000300000100009000000400060000000200 326957184795148623481236795943861572568724931217395846132679458859412367674583219
100020060705000000000000000080000010000503000004700000000400700200000500060010000 198327465745698132632154978586942317971563284324781659859436721213879546467215893
000081000070000600000000000500000028040700000000000010100300500000670400200000000 653981247971243685428567139519436728842719356736825914164398572385672491297154863
020000400000507000000300000500000713080020000000000000100060080307000000000400000 725816439936547128814392675592684713483721956671935842149263587367158294258479361
400000700300200000000010000010040050006003200000000000000600001040000080200007000 491538762358276149672419835713842956986753214524961378837694521149325687265187493
070000203000100000000000400000500610003200000040000000600037000100000080000040000 871456293439172865265389471728593614913264758546718932652837149194625387387941526
690002000000000031000000000003140000200000600000300000000710040860000500000000000 691532487572684931438971265953146728214857693786329154329715846867493512145268379
700900020008010000000000000900207000200000100000000500054000800000700003010000000 736985421598412736142673985961257348275834169483196572654329817829741653317568294
060000700000050400000001000000600010400700000500000008020300600100080000000000050 861423795392857461754961832287695314419738526536142978925314687173586249648279153
020000705400300000000600000500000100603000000000800000080070000000000046000050030 329148765467395281851627394548769123693512478172834659986473512735281946214956837
900601000030000008000000040040080030000300100200000000000520000100000900000040000 984651273532497618716238549641982735857364192293715486478529361165873924329146857
000350000800000004000200000000010007020005000000000300760800000100000050000000240 214356879853197624697248135438612597926735481571489362765824913142963758389571246
800001000000400500000300000100000400000500200000030000025000030040000070000080006 856921347273468591491375628132897465789546213564132789625719834948653172317284956
000000201080400000000700000000540080302000000100000000500032600070000040000000000 495368271781425936623719458967541382342687519158293764514832697279156843836974125
000057010010000900000020000000400630500800000200000000800090005030600000000000000 386957214412386957957124386798415632543862791261739548874293165135678429629541873
700000409800200000000000600000048050900000000000010000000307000040000020060900000 726853419814296375593471682632748951951632847478519263285367194349185726167924538
520000080000601000000000000106400500000090030200000000030780000000000100000000002 527934681348651729619278354176423598854197236293865417431782965982546173765319842
000600300024000000050000007300200000000500004000000010500000280700040000000010000 178659342924173856653428197315294768867531924492786513549367281781942635236815479
200010500070300000000400000004000170000009003800000000000045600003000000090000000 238617594475392816961458327324586179756129483819734265187945632643271958592863741
900000680400070000000000200080000017000420000000000000070801000000900400300000000 937152684428679135165384279284596317713428956596713842679841523852937461341265798
000200400005000800030070000000108030100400000000000050024000100000050000600000000 961283475475916823832574619256198734197435268348627951524369187719852346683741592
010070000000800500000000000600000012304500000000000000000012070500000300400009000 215973846743826591968145237659738412324561789187294653836412975591687324472359168
000000240500030000000000600000005083020600000001000000300000701060400000000200000 638159247542736819719842635476925183923681574851374962394568721265417398187293456
304100000500007600000200000600030000080000007000000010720000000000080300010000000 374168295592347681168259743641735829285916437937824516726493158459681372813572964
104000500000002700000300000073600000000000100020000000800040020000010006000000030 134867592568192743297354618973681254485239167621475389816743925352918476749526831
000600100830000000500000000200000430000100200000750000071000000000080050000030000 724695183839214567516378924257869431698143275143752896971526348362481759485937612
041000000000023000000090000600000054000800010300000000200000900000100300070500000 941658732567423189832791546618937254729845613354216897285374961496182375173569428
170000040200800000000600000038000006000010030004000000500000208000300000000000700 176539842249871365385624971738495126652718439914263587563147298897352614421986753
070000850000012000000300000700000012040900000000000000000670400300000600001000000 172469853538712964694385127759846312243951786816237549925678431387124695461593278
070000950000012000000300000700000012080600000000000000000870400300000600001000000 172486953539712846468395127756948312283651794914237568625879431397124685841563279
600000170000300002100000000000017600020000030000000000030200005000460000000000800 653824179978351462142796358389517624521648937764932581436289715817465293295173846
109000000000700040600000000000090601070300000008000000030000870000006900000020000 129634758583719246647285319352497681471368592968152437236941875814576923795823164
500006400000300000000000000002040800030250000090000000700004000100000020000000039 528796413974315268316482975652143897837259146491678352763924581189537624245861739
084060000000700030000000000730100000000000601000000800006040200100300050000000000 984563127612798435573412968739186542825934671461275893356847219148329756297651384
040000031500720000000000000000000260030001000800400000002060700000003400000000000 247685931513729684689314572194837265736251849825496317452168793961573428378942156
703000080000012000000000000500700030010050000406000000080000105000000200000300000 723569481658412379149837652592741836817653924436928517384276195975184263261395748
400600507830000000000000010008091000200000400000080000000400300001000000090000000 412638597837159264965742813648591732259367481173284956786415329521973648394826175
000900032901800000000000040030002000600000100000040000020080000000700600700000000 576914832941823756283675941437162589652398174819547263125486397394751628768239415
084000060000320000000000000700000500000002300060004000002000048300050000000100000 284915763651327489937486152728631594495872316163594827512763948349258671876149235
140070000000200050030000000605000100800000700000300000000500023000014000000000000 142975386768243951539186247695728134813459762274361895481597623326814579957632418
061000800000390000000000000089001000500000003000000020200430000000200060000000100 961572834852394671743168295389721456526849713174653928217436589498215367635987142
010004600000090003000000000020800700000350000400000000000000210003500000900000400 519734682276198543834265971325841796798356124461972358657483219143529867982617435
000020050600000300800000000000001006004050000900000008070608000000000240000900000 791326854652784391843519762538291476164857923927463518279648135386175249415932687
002010000070000300060000800000300500400000010000607000100000020300800000009000000 842513769971486352563279841698321574437958216215647938186795423354862197729134685
600302000050000010000000000702600000000000054300000000080150000000040200000000700 614382579953764812827591436742635198168279354395418627286157943579843261431926785
030000410800500900000000000090001000000030020400000008206800000000000100000200000 735928416821546973964173285392781654658439721417652398276814539589367142143295867
000800004010020000092000000300600087000000050000090000000400200700005000000000100 573861924416927538892354761359612487281743659647598312165489273724135896938276145
300700020000001600000000000000200070016000000050000000800420300900000100000000500 364758921527941638189632754493216875716584293258379416871425369935867142642193587
810000000000500300000400007700000005000002060000010000000060120500700000040000000 815273649472596381936481257723649815194852763658317492387965124561724938249138576
800000001400600000000300000060000030100080000000000600058000070010020000000400900 837549261425618793691372845762195438143786529589234617258963174914827356376451982
007400500600002000000000000000710800200000100300000000500000030040900000000000026 127438569684592371935671284456713892279864153318259647562147938843926715791385426
240000006000510800000000000030800900400000010000300000100002000005000300000040000 247983156369517824518426739731854962486279513952361478194732685625198347873645291
340002000010000070000080600200050000000700010030000000500000200600000005000100000 347612859816539472952487631278351964469728513135946728591863247683274195724195386
210300000000060050000000000300000702004050000000000100000102080036000000000700000 219385476487961253563427819358614792174259368692873145945132687736548921821796534
000010800090000030200000000400503060701000004000000000050200000008000100000300000 543912876197864235286735419429583761731629584865147923654271398378496152912358647
000010800090000030200000000400503060701000004000000000050200000008000100000600000 546312879197864235283795416429583761731926584865147923354271698678439152912658347
600302000010000050000000000702600000000000084300000000080150000000080200000000700 654312879913876452827495136742638591165729384398541627286157943471983265539264718
000600310002004000050000700090810000000000002000000600306700000000000090200000000 978625314162374859453981726697812435531467982824593671316759248785246193249138567
006070040050000200000000000520000100000040000000600000000302500708000060000001000 186273945457896231392514678524937186863145729971628453649382517718459362235761894
350002000010000080000090700400060000000800010030000000600000200700000004000100000 358712649917634582264598731482361975576829413139457826641973258793285164825146397
060000500000007006007200000200000080003000400000061000400050000000300070050000000 968143527324597816517286394271435689693872451845961732432759168186324975759618243
040050067000900040000200000100800300000000200060000000000040050300000800200000000 842351967573986142691274538127865394435719286968423715789142653354697821216538479
006300075010000000000200000500000002000008400000010000000040810300500000200000000 846391275712856349935274681598437162163928457427615938659742813381569724274183596
020050640310000000000080000000620000800000070000000001000307000009000200000100000 728951643315476829496283715971624358863519472254738961582347196149865237637192584
040050067000100040000200000100800300000000200060000000000040050300000800200000000 842359167573186942619274538127865394435791286968423715781942653354617829296538471
300107000020000800000000000000300047080060000000000010107000300000520000400000000 396187452521649873874235196219358647785461239643972518157896324938524761462713985
500020800060001000000000000300000006200080000000500040041600000070000900000000200 519426837763891425428753691394217586256384179187569342941632758872145963635978214
710020008000000060400000000006500010035000000000000400200000900000603000000100000 719426358352918764468735192946587213835241679127369485271854936594673821683192547
007100000000008900600000000000000041000200070300000000580000300000720000100040000 297156438415378962638492715726539841859214673341687259584961327963725184172843596
000350900600000400001000000200800000030900000000000060000046010390000000700000000 842351976653297481971684235265813794437965128189472563528746319394128657716539842
000010600300000020700000000000702000010000800500300000000200035400000007060000000 824517693351649728796823514948762351613954872572381946189276435435198267267435189
000000602300800000000200500200300040067000000010000000000076100800000030000000000 194753682325861974678249513289315746567984321413627895932476158856192437741538269
007100000000008500600000000000000041000200070300000000580000300000720000100040000 257196438419378562638452719726539841895214673341687295584961327963725184172843956
607000030050010000000000000200305000080000104000700000000600800003000050400000000 697428531854913762132576948271345689385269174946781325529634817713892456468157293
000010063209000000000000000000905100000280000030000000500000900060030000000800040 854719263219368457376452819687945132195283674432671598543127986968534721721896345
054300000000060070000000000760020000000500308100000000002400000000003500000000060 254387196391265874876149253763821945429576318185934627612458739947613582538792461
000081000600000030004000000020000805700400000000000100000650040309000000080000000 295381467617594238834267951421736895758419623963825174172658349349172586586943712
380000002000100000000000400007006500000080010000020000000500730240000000800000000 389654172462173895751298463127436589634985217598721346916542738243867951875319624
602700000000800130000000090400000700030090000000010000500400600010000020000000000 692731845754829136183645297421368759835297461967514382579482613318976524246153978
000000031028000000000000000000208400730000060000500000160070000000400200300000000 476982531528316974913754628691238457735149862284567193162875349857493216349621785
060000300008900000000000000000560070120000000300070000000000603009400000000001200 961287354248935761573614928894563172127849536356172489412758693739426815685391247
000007093010000006000000040309400000000000100200000000000320000500900000070000800 624187593713594286895236741359412678467853129281769354148325967536978412972641835
840000060000702000000300000500080000100000009000000200000030040007000300020900000 843591762956742138271368594562189473134627859789453216618235947497816325325974681
083400000000070050000000000040108000000000027000300000206050000500000800000000100 783465219421973658965281734347128596198546327652397481216854973534719862879632145
600302000040000080000000000702600000000000054300000000080150000000080200000000700 618342579943765182527891436752634891861279354394518627286157943179483265435926718
003000007000500010080000000000800300060400000100000000500037000000020600002000800 913264587726589413485371296257896341869413752134752968598637124341928675672145839
900000004000300800000000000007504000000000710000020090000600300490000000200010000 965278134714359826382461957127594683549836712638127495851642379493785261276913548
900000004000300600000000000007504000000000710000020090000600800490000000200010000 985276134714359628632481957127594386549863712863127495351642879498735261276918543
000000208000020500040060000020000090000501000000800000803100000500000700000000040 357419268961328574248765913125643897786591432439872156873154629594236781612987345
902400000000600001000000000760000000000000540000000200830090007000020080000005000 952431768348672951671589432764253819289716543513948276835194627496327185127865394
000000801000600000000500000000400050090000040020070000300010700500000100406000000 657249831948631572231587496163498257795126348824375619382914765579863124416752983
000000801000600000000500000000400050090000040020070000300080700500000100406000000 657249831941638572238517496763491258195826347824375619312984765589763124476152983
000000801000700000000600000000500060090000050020030000400080100600000300507000000 763259841951748632248613597374591268196827453825436719432985176689174325517362984
000000801000700000000600000000500060090000050020080000400030100600000300507000000 763259841951748632248613597874591263196327458325486719482935176619874325537162984
060000300004800000000000000000560070120000000300070000000000603009400000000001200 861247359294835761573619428948563172127984536356172984412758693739426815685391247
000000230010050000700600000000003409600020000008000000000800061002000000050000000 564981237813257946729634158275163489691428375348795612937842561482516793156379824
004000530080060000000010000100500700200000006000008000030400080600100000000000000 964872531381965427527314869196523748258741396473698215739456182642187953815239674
000030002600000500010400000000052700074000000000001000000800010203000000500000000 748536192629187534315429678836952741174368925952741386467895213293614857581273469
600302000040000010000000000702600000000000054300000000080150000000040200000000700 615382479943765812827491536752634198168279354394518627286157943579843261431926785
503000000100200000000006000400000035060700000000800010020000700000030200000010000 573184962146295378892376154417629835368751429259843617921568743685437291734912586
501000000000600080000200000000400620300080000900000000040070000020000400000003009 581794362297635184436218795178459623352186947964327851843972516729561438615843279
100005090000010004000000000000006150004900000020000000080470000500000800000200000 148735296795612384263894715879346152354921678621587439986473521532169847417258963
000000230010050000400600000000003408600020000007000000000700061002000000050000000 569871234713254986428639157295163478681427395347985612834792561972516843156348729
000030002600000500010700000000052400074000000000001000000800010203000000500000000 748536192629184537315729648836952471174368925952471386467895213293617854581243769
100000028000305000000600000820010000000000340000000000064000500003000701000000000 135947628486325179972681435827413956651892347349756812264178593593264781718539264
050208000000000700000500000700030600000000280001000000400070001080000050000900000 357298146842163795619547832728435619564719283931682574495876321186324957273951468
000300710006050000000000000000107300085000000000400000060020008700000400100000000 549368712276951834831274569692187345485632971317495286964723158728516493153849627
801000000000000270000000090600001400090050000000000000200000106050970000000300000 831297564946583271527164398685731429792458613314629785279845136153976842468312957
051000000000060400000000000400030001600000080000000059080501000700000600000200000 251493876937865412864712593425938761693157284178624359386541927712389645549276138
080690000500000010000000000030700800000200000100000000400015000000000308000040600 381692574526478913947153286234761895659284137178539462463815729715926348892347651
000760200400800000150000000000001040030000800020000000000200003700000010000080000 389764251472815936156932478897621345631459827524378169915246783748593612263187594
000094030510000000000000000603008000000700900000000100000500020000600008400010000 876294531512376894349851276693128745184735962257469183761583429925647318438912657
070000001400200000000500000205000300000041000600000000010070000008000020000000560 872963451453217689169584732245798316387641295691325874516872943938456127724139568
060001000000000020000000400000470800090000001000800000400730000100000590000000006 267941358941358627583627419612479835894563271735812964459736182176284593328195746
500002700010400000000000000260000800000130000000040000000600031009000040700000000 583912764612487359497563128264759813958136472371248596825674931139825647746391285
070000810040509000000000000601000000000300400200000000500000060000010002000480000 375642819148579236926138547651294378897361425234857691589723164463915782712486953
500080200740000000000000000002050000000600007800000040060700000001000500000304000 516987234743261985289543716672458391194632857835179642368715429421896573957324168
000600010072000000080040000500309000000070800600000000300900005040000700000000000 453628917172593648986741523517389264234176859698452371321967485849215736765834192
000280030105000600000900000080000320700010000000000000400000105020800000000000000 647281539195437682832965417584796321769312854213548976478623195921854763356179248
090000002500300000000600000306000400000081000700000000080090000002000030000000670 893574162561328794274619853316952487945781326728436519687193245452867931139245678
000500480200000500100000000030705000000900000000000000009060001000001060080020000 796513482243698517158274693932785146817946325465132978529467831374851269681329754
100060070702000000400800000300004000060000090000200000000000402050090000000000600 195463278782915346436827915319654827267138594548279163971586432654392781823741659
000001060000402000080000003000000120040030000000000700201000500000740000600000000 459371862316482975782569413863957124147238659925614738271893546538746291694125387
000068070520000900000000000001070000000500200040000000800000006900200000006000030 493168572528347961167925384351472698689513247742689153835791426974236815216854739
670300000400000080000000019001000700000600200500080000090010000000500400000000000 678391524419265387325874619961432758783659241542187963294716835137528496856943172
300060000000000104000000900041009008000030020000000000050801000200000060000400000 394165782765982134182347956641259378879634521523718649456871293218593467937426815
000000038004070000000000050100805000060300000007000000320000700000040600500000000 759612438834579126612438957193865274465327819287194563328956741971243685546781392
000041000200000500000000000500700300000200060000000001061000040040080000000530000 957341682284679513136852497519768324473215968628493751361927845745186239892534176
000000304000002000000600000001040000000500020000000680000130500260000007800000000 672981354548372196139654278921846735786513429354729681497138562263495817815267943
000801000070000400060000000800000002000060700300000000050000690100200000000300080 435871926278639415961524837817945362529163748346782159752418693183296574694357281
000000052400060000000000010070200000600000400000108000018000000000030700502000000 167489352425361879389725614874256193651973428293148567718694235946532781532817946
001000045200080000000000000000501000300000800000640000054100000060000070000000200 681327945295486137473915682827531469346279851519648723754162398162893574938754216
050600000000000730000100000000070800060000050100000000700040200004030000000500060 351627948286459731479183625543271896867394152192865374715946283624738519938512467
060700080034000000000000000500000020000041000000603000000000104900800000000050300 169735482834296715257418936541987623326541879798623541685372194913864257472159368
207000600000901000800000000600000720010300000000000000040500009000070800000020000 297453681364981572851762493639815724512347968478296135746538219923174856185629347
000207004030500000600000900150040000020000070000000300800060000000700050000000000 598217634234596718671834925157342869423689571986175342815463297349728156762951483
050600070038000000000000000400000020000031000000508000000000103900700000000040800 159684372738295614246317985413976528825431769697528431574862193981753246362149857
602050000000004030000000000430008000010000200000000700500270000000000081000600000 682153479951764832374892165437528916816947253295316748568271394729435681143689527
602050000000003040000000000430008000010000200000000700500270000000000081000600000 682154379951763842374892165437528916816937254295416738568271493729345681143689527
600200010030000000000000700200106000070000305000000900801000000000450000000030000 687243519932517648514689732253196874179824365468375921891762453326458197745931286
000400030051000000008000000000000013900500000000000680070008200400000500000010000 769485132251397864348162759527846913986531427134729685673958241412673598895214376
020970000000080010000000300000500200701000000840000000900000007100000080000300000 523971864679483512418265379396517248751824936842639751934158627165792483287346195
003500000000000206081000000560020000000000010700000000000100080000306000400000700 673542198945813276281697354569721843832465917714938562327154689198376425456289731
000070810042000000000000000800000060000402000000500001000360400025000000100000000 539674812742158693618923547851739264376412958294586371987361425425897136163245789
000200050400080000000000000051600000000000403000000800600700100030040000700000090 983217654426385971517469238851634729269578413374192865698753142132946587745821396
400000800000060070000000300900400006000307000000000010000290004007000500010000000 421573869538964172796182345975418236164327958382659417653291784247836591819745623
000701000060000400050000000700000002000050600300000000040000580100200000000300070 934761825267538419851429736716894352428153697395672148642917583173285964589346271
000800010206000000500000000040003000700050000000062000010700000000000205003000600 437896512296315784581247369142973856769458123358162947615729438874631295923584671
000400600001000000500000000000000035070800000000000210200053000000010007060000400 739485621681372594524169873812946735375821946496537218247653189958214367163798452
058600100010500004000000020700020030060000000000000000000100500300070000200000000 458692173912537864637814925789425631563781249124369758876143592395278416241956387
060410070000000300000600000200053000070000060000000001305000200800700000000000000 963412875482597316751638492296153748178249563534876921345961287819725634627384159
000000072080600000010000000400097000000000800300000000703000040000180600000500000 639418572587629431214735986426897315175346829398251764753962148942183657861574293
000200500100700000030000800050030400000600002080000000200000010607000000000050000 764283591128795634539461827952137468371648952486529173245876319697314285813952746
000008700200010000104000000000260300050000600800000000030600000000400020000000010 369528741275314869184796235791265384453187692826943157932651478618479523547832916
270000000000800600035000000600032000400000100000070005000000037000100000000000020 276914358194853672835726914651432789427598163983671245518269437342187596769345821
607100000000000048000000000000040020000085000100000000000308700045000600020000000 687134295239567148451892367578641923362985471194273586916328754845719632723456819
020070500090300000000000100400050000000000036000000090060902000100400000500000000 321674589895321647674598123436259718958147236217836495763912854189465372542783961